State	EventYear	Jan	Feb	Mar	Apr	May	Jun	Jul	Aug	Sep	Oct	Nov	Dec
	1982	1	0	0	1	1	0	3	0	3	1	0	0
	1983	2	0	1	2	0	6	0	0	5	13		0
	1984	2		1	0	1	4	9	5	2	0	4	0
	1985	0		0	1	19	33	2	0	1	0	1	0
	1986	3	0	1	9	0	0	0	0	1	9	1	2
	1987	0	4	0	0	6	0	0	2	41	4	34	0
	1988	0	1	0	0	0	15	0	9	17	2	20	5
	1989	2	1	2	0	2	5	6	0	0	3	1	5
	1990	45	0	0	4	1	1	3	3	0	0	2	4
	1991	2	0	0	2	0	8	1	37	2	0	0	0
	1992	6	0	1	2		6	0	0	2	2	0	69
	1993	0	8	2	12	1	0	7	3	2	6	7	0
	1994	1	1	5	2	2	15	3	3	0	0	0	0
	1995	0	0	2	6	0	22	0	1	1	13	2	0
	1996	18	0	1	4	4	1	0	1	0	4	2	0
	1997	5	19	11	0	1	16	10	10	0	2	6	214
	1998	4	0	1	18	16	9	28	0	11	7	4	5
	1999	14	0	0	2	2	6	71	237	69	11	2	54
	2000	13	7	4	4	8	4	415	14	11	40	2	5
	2001	0	0	5	1	20	3	17	14	8	0	1	2
	2002	33	17	8	32	27	3	9	4	0	11	1	4
	2003	4	3	0	0	0	9	20	18	0	2	14	0
	2004	4	3	4	3	3	12	0	10	0	5	91	2
	2005	14	0	25	1	4	0	4	0	0	1	0	11
	2006	1	0	7	7	8	2	4	0	1	13	0	3
	2007	10	1	4	0	0	3	4	2	9	1	14	2
	2008	19	0	0	16	10	11	22	31	65	16	6	2
	2009	11	111	0	9	4	2	0	37	6	9	0	25
	2010	6	26	0	5	0	6	8	116	11	0	0	5
	2011	12	2	3	2								
AK	1982	6	3	2	7	9	8	14	9	7	0	2	1
AK	1983	6	0	7	1	5	4	11	8	8	6	4	8
AK	1984	2	1	9	5	1	11	6	6	10	4	5	2
AK	1985	5	2	5	1	1	12	6	5	3	2	2	0
AK	1986	0	3	1	4	1	16	7	3	3	1	2	9
AK	1987	5	2	4	0	1	14	10	4	6	10	0	7
AK	1988	6	0	2	2	2	3	6	0	3	4	0	2
AK	1989	0	0	1	5	5	4	13	3	6	5	0	1
AK	1990	1	0	2	5	4	5	5	4	4	2	1	0
AK	1991	6	4	9	1	2	4	5	2	2	2	0	4
AK	1992	0	6	5	1	4	0	3	14	15	0	3	0
AK	1993	2	0	4	96	5	6	5	9	8	2	0	2
AK	1994	2	0	2	0	1	1	4	1	2	0	0	1
AK	1995	0	0	0	0	3	6	3	5	3	5	1	4
AK	1996	0	0	2	4	4	2	4	11	8	0	0	2
AK	1997	1	0	3	1	3	3	9	4	4	0	0	0
AK	1998	1	2	1	3	14	7	11	5	3	7	2	2
AK	1999	1	3	1	4	0	3	5	3	14	0	1	2
AK	2000	0	8	2	4	4	7	2	2	2	2	0	6
AK	2001	0	1	0	4	1	0	0	3	5	3		0
AK	2002	0	1	0	0	0	7	1	4	0	0	2	0
AK	2003	0	0	1	2	0	5	5	0	7	1	1	2
AK	2004	1	1	0	5	3	0	4	3	3	0	0	3
AK	2005	2	4	1	2	0	3	4	7	4	2	1	1
AK	2006	5	0	0	4	7	0	7	6	1	2	0	0
AK	2007	0	1	0	0	1	4	1	2	3	3	0	2
AK	2008	2	0	5	10	0	2	0	7	4	2	3	88
AK	2009		9	2	0	2	1	1	6	0	0	0	0
AK	2010	1	0	5	0	3	1	1	2	12	0		0
AK	2011	3	0	0									
AL	1982	3	0	2	1	1	3	4	1	2	0	0	0
AL	1983	0	1	1	1	6	0	1	1	2	0	0	0
AL	1984	0	0	0	0	2	0	1	1	0	4	2	2
AL	1985	0		0	2	0	4	0	1	2	2	0	0
AL	1986	1	1	0	0	1	1	1	0	0	1	1	1
AL	1987	1	0	1	0	2	0	4	1	0	4	4	1
AL	1988	2	2	1	1	0	1	0	2	1	2	1	0
AL	1989	0	0	0		0	1	0	0	2	0	0	1
AL	1990	0	1	1	2	0	0	0	0	0	0	0	
AL	1991	0	0	0	0	1	0	1		2	2		0
AL	1992	0		0	0	0	1	3	1	0	1	0	0
AL	1993	1	0		1	0	0	0		1	0	0	0
AL	1994	0		0	1	1	0	0	0	1	0	3	0
AL	1995	1	0	0	3	2	1	0	0	0	4		1
AL	1996	0	0	0	1	1	0	0	0	0	3	1	0
AL	1997		0	0	1	0	0	1	0			0	0
AL	1998	1	0	1		1	0	0	2	1	1	1	1
AL	1999	0		1	1	1	0	2	2	1	0	0	1
AL	2000		0	0	0	0	1	2	4	0	1	0	
AL	2001	1	2	0	0	2	1	0	0	0	3	0	0
AL	2002	0		0	0	0	0	0	0	1	3	0	
AL	2003	0	0	0	0	1	1	1		0	3	0	3
AL	2004	1	0	2		1	2	2	0	0	4	0	0
AL	2005	0	0	1		0	2	0	0	3	0	0	0
AL	2006	3	0	0	0	0	0	0		0	0	0	
AL	2007	0	0	2	2	0	0	2		1	0	0	0
AL	2008	0		0	2	1	6	0	0	0	2	0	
AL	2009	0			0	6			1	0			0
AL	2010	0		1		0		0				0	0
AL	2011	0	2	0									
AO	2001				0								
AO	2002											0	
AO	2004				0								
AO	2005										2		
AR	1982	0	0	0	2	0	2	0	0		2	0	1
AR	1983		0	0	3	0	1	2	2	1	0	0	0
AR	1984	0	1	0	1	1	2	2	3	1	1	0	3
AR	1985	0	1	0	1	3	0	0	1	0	1	0	0
AR	1986	0	1	0	0	0	1	1	0	0	0	1	0
AR	1987	1	1	1	1	1	4	0	0	0	0	0	2
AR	1988	0	3	0	0	0	1	1	6	1	0	0	0
AR	1989		0	1	3	1	1	1	2	2	1	0	
AR	1990	0	2	3	0	1	1	1	0	1	1	0	
AR	1991	0	0	0	1	1	1	2	2	0	2		0
AR	1992		0	1	1	1	3	2	0	1	1	1	0
AR	1993	0		1	15	1	0	0	0	0	0	0	0
AR	1994	0	2	0	2	3	0	0	1	2	0	0	
AR	1995	1	0	0	2	0	0	2	0	0	1	1	0
AR	1996	0	1	0	1	3	1	2	1	2	2		0
AR	1997		1	0	0	1	2	5	0	1	0	0	0
AR	1998	0	0	1	1	2	1	0	1		3	0	0
AR	1999	0	0	3	0	0	66	0	3	0	1	0	
AR	2000	0		2	0	1	0	2	1	2	0	1	0
AR	2001	0	1		3		2	0	3		3		0
AR	2002	0	0	0	0	2	1	1		6	2	1	0
AR	2003	0	1	1	0	0	1	1	44	0	0	1	0
AR	2004	2	0	0	0	0	0	0	1		0		0
AR	2005	0	0	0	0	2	2	1	0	0	0	0	
AR	2006	0	0	2	4	1	0	0	0	0	1	0	0
AR	2007	0	0		0	1	2	1			2		0
AR	2008			0	0	0	0	1	0	0		0	1
AR	2009	0		0	0	1	1	0	0			0	
AR	2010	0	0	0		6	2	0	0	0	1	0	0
AR	2011	0	2	1	0								
AZ	1982	4	1	2	2	4	0	1	2	9	2	0	5
AZ	1983	1	1	0	1	2	6	7	3	0	0	4	1
AZ	1984	1	4	7	5	2	2	12	4	4	0	1	2
AZ	1985	0	0	2	4	2	3	1	1	0	1	2	4
AZ	1986	6	1	1	2	6	1	1	0	0	1	2	4
AZ	1987	5	2	6	5	1	0	14	3	3	7	5	0
AZ	1988	3	0	11	1	2	1	1	4	1	0	0	1
AZ	1989	0	6	2	5	2	4	1	6	4	1	0	11
AZ	1990	0	1	2	0	5	2	0	2	0	2	9	0
AZ	1991	1	3	5	2	0	5	1	2	3	3	1	0
AZ	1992	3	0	2	3	0	0	1	0	0	4	2	3
AZ	1993	0	6	5	0	0	0	5	18	1	0	3	6
AZ	1994	0	0	2	1	2	0	2	4	0	0	0	0
AZ	1995	2	2	0	1	2	1	2	5	1	0	0	0
AZ	1996	0	0	0	5	3	3	0	1	13	1	1	0
AZ	1997	4	2	3	0	1	2	4	0	0	0	3	0
AZ	1998	0	0	1	4	0	2	0	1	5	3	0	0
AZ	1999	1	5	1	3	5	2	1	5	2	1	3	0
AZ	2000	0	2	0	2	4	1	0	2	10	5	2	7
AZ	2001	3	4	1	3	1	0	4	3	1	0	1	2
AZ	2002	1	0	6	2	3	0	3	11	1	1	4	2
AZ	2003	2	3	1	0	9	4	6	0	2	1	2	0
AZ	2004	0	4	0	0	0	0	2	0	1	1	0	1
AZ	2005	1	1	3	7	4	4	3	0	2	2	4	0
AZ	2006	1	2	2	0	3	0	1	0	1	2	2	0
AZ	2007	0	0	2	3	0	2	1	0	4	1	0	3
AZ	2008	0	4	3	2	4	0	0	0	2	2	0	0
AZ	2009	0	0	0	3	4	0	4	0	0	1	4	0
AZ	2010	0	1	4	1	1	0	0	1	1	3	1	1
AZ	2011	2	0	0	2								
CA	1962							0					
CA	1977						0						
CA	1982	14	4	14	3	39	6	14	5	10	9	3	20
CA	1983	11	4	14	14	8	19	8	6	16	4	13	11
CA	1984	11	9	6	8	16	11	3	10	5	8	2	7
CA	1985	15	15	8	13	3	6	12	22	6	11	15	66
CA	1986	6	0	8	5	11	8	6	25	3	7	7	7
CA	1987	11	19	4	15	19	9	5	7	8	6	9	1
CA	1988	4	4	14	11	4	11	21	18	6	4	14	6
CA	1989	8	3	7	11	6	7	11	10	4	5	3	9
CA	1990	3	3	6	5	17	11	14	61	4	1	7	6
CA	1991	6	37	2	4	14	11	20	10	9	4	0	3
CA	1992	1	7	3	3	10	8	9	20	6	3	0	4
CA	1993	4	4	3	8	5	7	7	2	10	3	5	2
CA	1994	12	6	6	8	9	11	8	5	10	1	6	23
CA	1995	1	6	5	2	7	13	7	2	7	12	6	3
CA	1996	2	4	7	1	3	13	7	5	2	8	3	9
CA	1997	0	5	1	3	5	7	6	11	6	11	4	1
CA	1998	2	0	11	2	6	6	7	5	2	9	4	4
CA	1999	4	3	7	4	17	15	6	6	19	2	1	10
CA	2000	3	8	46	6	6	4	8	8	2	9	0	2
CA	2001	3	2	5	1	9	2	6	6	0	3	0	0
CA	2002	2	5	2	6	5	2	2	8	4	4	10	0
CA	2003	4	3	1	4	4	2	3	3	1	1	3	6
CA	2004	2	3	4	5	5	2	5	1	3	2	2	0
CA	2005	5	1	3	3	9	10	4	3	4	2	0	6
CA	2006	4	8	3	2	7	7	8	5	4	3	0	0
CA	2007	5	4	4	14	6	8	7	2	9	3	1	0
CA	2008	1	4	2	4	3	8	4	11	6	2	4	0
CA	2009	3	5	4	4	2	0	5	0	9	1	4	4
CA	2010	8	1	0	2	1	2	0	13	3	3	5	1
CA	2011	2	4	2	4								
CO	1982	2	6	2	1	0	2	6	1	6	0	0	4
CO	1983	0	1	1	0	1	3	2	1	3	4	0	7
CO	1984	2	2	0	0	6	1	3	0	1	4	0	1
CO	1985	2	0	2	0	1	2	8	7	3	2	1	5
CO	1986	0	5	1	3	2	2	2	10	4	3	1	2
CO	1987	2	0	0	2	1	0	3	0	4	1	28	4
CO	1988	6	5	0	0	0	2	2	6	2	5	0	0
CO	1989	7	1	2	2	10	1	4	5	1	1	3	2
CO	1990	1	0	2	0	8	2	2	0	5	4	0	1
CO	1991	0	3	3	2	2	2	4	4	2	2	0	6
CO	1992	1	2	2	4	1	9	4	1	1	2	0	0
CO	1993	0	1	2	2	5	4	7	8	0	3	3	1
CO	1994	3	0	4	5	1	3	7	0	3	1	0	2
CO	1995		3	2	0	3	0	3	2	3	0	6	0
CO	1996	1	1	3	3	0	5	1	3	5	0	0	0
CO	1997	3	0	3	1	0	3	1	1	0	2	0	4
CO	1998	0	0	0	1	1	2	8	8	0	0	0	4
CO	1999	0	3	3	0	0	5	2	5	1	1	0	0
CO	2000	0	1	1	1	2	0	3	1	1	0	2	0
CO	2001	0	1	1	0	5	0	0	3	1	0	1	0
CO	2002	4	0	3	0		1	2	7	0	2	2	0
CO	2003	14	0	6	2	4	1	3	3	0	0	1	2
CO	2004	0	0	0	1	6	1	1	1	0	0	0	0
CO	2005	2	1	0	0	2	1	5	2	1	0	0	0
CO	2006	0	1	0	0	1	1	0	1	0	2	0	2
CO	2007	0	0	0	0	1	1	2	4	1	1	1	0
CO	2008	0	1	1	7	1	0	2	2	3	0	2	41
CO	2009	1	1	2	0	4	2	1	3	0	2	1	
CO	2010	1	0		2	1	6	2	0	3	2	0	0
CO	2011	1		3	0								
CT	1982	0	3	0	0	0	0	0	0	1	0	0	
CT	1983	0	1	0	0	5	0	0	3	0	0	0	0
CT	1984	0	0	0	0	0	0	0	0	1	1	0	0
CT	1985		0	0	0	0	0	1	2	0		0	0
CT	1986	0	0	0	0	0	0	0	1	0	1		0
CT	1987	0	0	0	0	0	0	0	0	1	0	0	
CT	1988	0	0		2	0		3	0	1	3	6	0
CT	1989	2				0	0	0	0	0	0	0	0
CT	1990	0	0		0	0	1	0	0		1	0	4
CT	1991			0	0	0	0	0		0	2	0	0
CT	1992					0	2	1	6	0	1	0	0
CT	1993		0	1		0	3	0	0		0	0	0
CT	1994			0	0	0	0	1					
CT	1995				0		1	0		0	0	1	0
CT	1996		0		0	2	2	4		0			1
CT	1997	0						0	0	1		0	2
CT	1998	2		0	1		0	1		2	0		0
CT	1999		0		0	1	1			0	0		0
CT	2000	0	0	0		0	0		2			2	1
CT	2001			0		1	2	1	1	0	0	1	0
CT	2002	0	2		0		0	0	2				0
CT	2003		0	0	0	2		0	0			0	0
CT	2004	0			0	0	1			1	0	0	0
CT	2005				1	0	0		0				0
CT	2006	0				3	3			1			0
CT	2007	0			0		0	0		0	0		
CT	2008				0			0	0	0	0	2	
CT	2009						0			1			
CT	2010	0				0			0		0		
CT	2011			0									
DC	1982	3								1			0
DC	1983										0		
DC	1984								0	0	0		
DC	1985	2			0					1			
DC	1986					1						0	
DC	1987							0	0				
DC	1988							0		0		0	
DC	1989					0							
DC	1990		0			0							
DC	1994								1				
DC	1995				0								
DC	1996		0		0								
DC	1997					2							
DC	1998				0							0	
DC	1999								0				
DC	2001								0				
DC	2002						1						
DC	2004						0						
DC	2005						0						
DC	2006					0							
DC	2007									0			
DC	2008		0										
DC	2010												0
DE	1982						1		0		0		
DE	1983		0						0	0	5		
DE	1984					1	0	1	0	0		0	
DE	1985			0				0		0			0
DE	1986					1				0		0	
DE	1987			0		1			1		0		
DE	1988					1		0	0		0		
DE	1989			0			0		0			0	
DE	1990											0	
DE	1991	0			0	0				1			
DE	1992					2	0		0	0			
DE	1993						0						
DE	1994	2			0				0			1	
DE	1995					0							
DE	1996				0								
DE	1997					0					2		
DE	1998			0			1	1					
DE	1999							0	2				0
DE	2000						0	0					
DE	2001							0			0		
DE	2002		0										
DE	2003	0			0						0		
DE	2005					3		0	0			1	
DE	2006						0						0
DE	2007			2						0		0	0
DE	2008				0							0	0
DE	2009			0					0			0	
DE	2010				0								
FL	1982	7	4	4	5	4	6	2	4	4	2	2	0
FL	1983	3	6	3	8	6	4	2	7	7	8	2	14
FL	1984	7	4	4	9	1	5	12	2	4	7	6	2
FL	1985	4	2	2	4	6	10	2	2	5	6	2	2
FL	1986	16	3	5	4	8	8	35	5	4	2	9	4
FL	1987	3	1	2	2	2	3	11	1	9	0	8	7
FL	1988	3	5	6	4	8	3	1	3	8	8	2	7
FL	1989	7	6	9	4	4	3	6	8	3	6	5	3
FL	1990	4	3	10	2	7	0	28	2	4	25	1	1
FL	1991	6	5	6	2	7	6	6	9	5	5	7	2
FL	1992	3	1	0	1	4	6	4	3	5	4	6	5
FL	1993	26	3	6	5	4	6	1	5	12	2	11	4
FL	1994	4	4	10	6	10	4	0	4	3	3	0	1
FL	1995	6	1	1	3	7	6	1	0	8	0	6	1
FL	1996	8	5	1	1	2	6	7	3	2	4	0	7
FL	1997	6	1	2	5	5	2	8	4	1	5	5	2
FL	1998	0	0	18	4	7	6	4	5	1	1	1	1
FL	1999	1	4	0	21	0	3	2	5	1	6	0	7
FL	2000	3	4	4	5	2	5	1	6	2	6	19	2
FL	2001	2	5	0	2	11	3	15	6	0	0	6	6
FL	2002	6	2	0	2	1	6	3	3	2	0	2	0
FL	2003	3	8	3	2	3	35	4	7	5	9	4	3
FL	2004	0	6	0	3	1	1	2	10	1	4	1	0
FL	2005	0	2	0	4	6	5	5	5	1	8	2	4
FL	2006	0	2	7	8	2	4	4	1	3	2	5	1
FL	2007	3	4	4	5	1	4	4	7	6	1	10	6
FL	2008	8	7	0	3	3	9	3	4	3	1	10	2
FL	2009	2	0	2	4	0	2	4	2	0	6	7	0
FL	2010	0	2	3	0	3	2	0	0	1	1	0	1
FL	2011	3	2	1	0								
GA	1982	0	0	2	3	1	5	0	1	0	0	2	0
GA	1983	0	0	4	1	1	1	4	5	1	2	0	0
GA	1984	1	4	1	0	2	1	0	5	9	4	1	0
GA	1985	0	3	0	2	3	2	6	0	0	4	0	0
GA	1986	0	2	2	0	5	3	4	5	2	0	3	3
GA	1987	1	0	6	0	0	0	2	0	2	0	0	1
GA	1988	3	0	0	3	3	2	3	16	0	0	3	6
GA	1989	0	0	3	0	0	2	1	0	0	1	0	0
GA	1990	0	0	3	2	4	0	1	1	2	0	0	0
GA	1991	0	1	0	0	5	1	2	1	3	2	1	0
GA	1992	1	1	1	0	2	6	0	1	1	1	0	4
GA	1993	0	0	0	4	1	1	0	2	0	0	0	0
GA	1994	0	2	1	0	0	0	4	1	0	0	0	0
GA	1995	0	1	5	0	0	7	2	8	1	4	1	1
GA	1996	0	0	0	3	1	0	2	3	0	3	1	0
GA	1997	0	0	2	7	1	4	0	2	0	0	2	1
GA	1998	2	0	2	2	0	0	0	0	2	2	15	0
GA	1999	0	0	0	0	0	2	2	0	3	0	0	0
GA	2000	0	0	1	0	6	1	2	0	17	2	13	
GA	2001	3	1	0	0	0	0	1	9	0	4	6	0
GA	2002		0	1	0	4	0	0	0	0	1	0	3
GA	2003	1	3	0	2	2	1	2	1	2	1	4	2
GA	2004	0	0	0	0	0	3	1	2	2	0	2	
GA	2005	1		0	2	4	2	0	0	0	1	0	1
GA	2006	0	0	2	1	0		2	1	1	0	0	3
GA	2007	0	0	0	1	1	2	0	0	1	0	0	0
GA	2008	0	1	0	2	0	0	1	3	0	1	0	1
GA	2009	0	0	0	0		2	2	4	2	0	0	0
GA	2010	0	3	0	1	0	1	0	3	4	3		
GA	2011		0	1	0								
GM	1996										2		
GM	1997									4			
GM	2000										0		
GM	2001	0		0		0			0	0	2		
GM	2002	0		0			0	2	0				0
GM	2003		0			0		0		1	0	0	0
GM	2004			1		0		1	0			1	2
GM	2005					0			0				
GM	2006		2			0	0				1		
GM	2007		0			2		0	1				0
GM	2009	0				0		0				1	0
GM	2010												0
GU	1987				0								
GU	1989									0			
GU	1991										1		
GU	1997								0				
GU	2002					1							0
GU	2005								2				
GU	2006							3					
GU	2010				0								
HI	1982	2	0		0	2		0	2	3	0	0	
HI	1983	1		0		0	0	2		9	0		1
HI	1984	0	0		0	0	0	0	0	0		38	
HI	1985	4	1		7		0	2	0	5		0	0
HI	1986	1	1	7	1	2	0	2			0	0	
HI	1987	0	2	1	5	0	0	0	1	0		2	0
HI	1988			0	57	2	0		0	0		0	1
HI	1989		37			7	0	1	5	0	1		0
HI	1990			0		0	0			0		2	1
HI	1991	2		0		3	1	0	0	2	0	2	0
HI	1992	0	0	0	0	0	7	0	0	3		3	2
HI	1993	1	0				0	0	0	0	2		
HI	1994		0	2	1		0	0	0	1	4	2	1
HI	1995			0		1		0		1	4		0
HI	1996	0	0					0	0		0	0	0
HI	1997	0	3		6	0	0	1	58	1	0		
HI	1998	0	0				0			0	0		
HI	1999			0		0	3	0	0	0	0	2	
HI	2000		0		0	0			8		0	0	0
HI	2001	0	1	0		0	0			2	0		1
HI	2002							0					
HI	2003	0				0	0	0	0	0		0	0
HI	2004	0	0		1			1	1	0	0		0
HI	2005	0	0		2	0		0	0	3	0		0
HI	2006	4		0	3	1		0	0		2		
HI	2007	0		0	7	0	0		0				3
HI	2008	0	5	0		0	0	0				1	0
HI	2009	2						0	0		1	0	
HI	2010	0			0	0							0
HI	2011		0										
IA	1982	0	0	0	0	2	3	3	2	1	0	0	0
IA	1983	0	1	0	0	0	1	1	4	0	0	0	2
IA	1984	0	0	0	2	1	1	1	0	0		1	0
IA	1985	1	0	0	0	1	0	6	2	6	0	0	0
IA	1986	0		2	0	0	1	0	0	1			
IA	1987	3		0	0	0	1	0	0	0	0	2	0
IA	1988	0	0	0	2	0	0	0	1	0	0	0	0
IA	1989	0	0	0			0	127	4		0	1	
IA	1990	0		0	4	0	3	1	0	0	0	0	
IA	1991	2		0		0	1	0	0	0	4	1	0
IA	1992		1		1	1	0	2	0	1	2	1	7
IA	1993	0	1	0	0	0	0	1	0	0	0		2
IA	1994			0		2		0	5	0		1	3
IA	1995	0					0	3		1	0	1	
IA	1996	0	0	0	0	0		0	1	1			0
IA	1997	0	0	0	0	0	0	2	1	1	0	0	0
IA	1998	0	1	2		0	1	4	0	2	0	0	1
IA	1999			0	0	0	3	2	0	0	0		0
IA	2000			2	0		2		0	0	2	0	
IA	2001					2	1	0		1	0	0	
IA	2002	0	0	0	1			0	0	0	0		
IA	2003	0	0	0		0	0	0	3	1	2	0	0
IA	2004		0	3				1	0	0	2	0	0
IA	2005			0		0			1	1	2	0	2
IA	2006						0	0	0	0	0	0	0
IA	2007		0	0		0	2	1	1	0		0	
IA	2008		0		1		2	2	2	0	0		0
IA	2009						1	4	1	1			0
IA	2010	3	0	0	5	0	0	2		0	0	0	
IA	2011	0	0		0								
ID	1948										0		
ID	1982	0	0	0	3	0	5	2	4	1	2	0	1
ID	1983	0	1	0	1	0	0	1	0		5	0	0
ID	1984	1	0	1	2	1		2	1	0	0	1	0
ID	1985		0	0	0	0	3	0	2	5	1	0	0
ID	1986	0	0	2	2	3	2	1	10		0	2	0
ID	1987	0	0	0	1	0	0	2	0	2	0	0	
ID	1988	1		0	0	0	4	2	0	0	0	0	0
ID	1989	0	0	0	1	2	0	2	0	0	0		
ID	1990	0			0	1	2	0	0	1	0	2	0
ID	1991			0	0	0	1	1	0	2	0	0	0
ID	1992		0	0	0	1	0	3	13	1	0	0	3
ID	1993	0	0	0		0		2	2	2	0	0	
ID	1994	0	0	0	0	1	1	2	5	1	2	0	0
ID	1995		0	0	0	1	4	1	0	3	0	0	0
ID	1996	0	0	0		0	3	5	0	0	1	0	0
ID	1997	2		0		0	0	5	2	1	0	0	0
ID	1998	0	0	0	0	2	2	2	0	0	0	0	0
ID	1999	1	0	0	0	0	2	3	1	0	0	0	
ID	2000		0		1	3	1	2	6	0	0	0	0
ID	2001	0		0	1	0	2	0	0	0	0	0	
ID	2002	0		1	0	2	2	1	3	1	0	0	0
ID	2003	0		0	1	0	0	4	1	1		0	0
ID	2004	0	0		0	0	1	3	0	1	2	0	0
ID	2005	0	0	0	0	1	2	1	2	0	0		0
ID	2006	0		0	0	0	0	0	0	0	0	0	1
ID	2007	0	0	2	0	1	4	4	0	0		0	0
ID	2008			1	0	6	3	1	1	0		0	0
ID	2009		2		0	2	2	6	2	0	0	0	0
ID	2010	0	0	0	1	1	0	1	0	1		0	
ID	2011	0	2	0									
IL	1982	0	1	3	0	6	2	3	0	4	6	0	0
IL	1983	2	0	0	0	6	17	0	4	4	0	0	0
IL	1984	2	1	0	1	4	2	6	6	0	1	1	0
IL	1985	0	3	0	2	1	6	5	2	1	0	2	0
IL	1986	0	2	1	6	0	0	2	2	3	4	4	0
IL	1987	0	0	7	0	0	3	0	3	5	0	2	0
IL	1988	1	1	0	1	2	2	0	8	0	1	1	0
IL	1989	0	0	1	2	3	3	1	3	5	0	0	2
IL	1990	0	0	2	2	0	7	0	3	1		1	3
IL	1991	2	0	1	1	0	2	2	3	0	1	1	2
IL	1992	0	1	1	0	2	3	0	2	0	0	7	0
IL	1993	0		0	0	2	15	1	7	1	0	0	0
IL	1994	1	0	0	0	2	1	6	3	0	5	5	1
IL	1995		0	0	1	0	1	1	3	5	0	0	0
IL	1996	0	0		1	2	0	1	4	1	0	2	0
IL	1997		0	20	2	4	0	2	2	3	0	3	0
IL	1998	0	23		4	0	1	2	5	0		0	0
IL	1999	2	1	2	0	0	0	5	1	0	0	0	1
IL	2000		6	1	2		2	1	2	0	0	0	2
IL	2001	0	7	2	1	0	4	1	3	0	0	0	0
IL	2002	0	0	0	0	1	1	2	4	1	5	0	0
IL	2003	0	0	0	0	2	1	1	5	1	1	2	0
IL	2004	0	0	0	0	0	2	0	0	0	1	1	
IL	2005					1	1	5	3	1	1	1	21
IL	2006	0	2	0	0	0	4	2		2	0	0	0
IL	2007	0	0	0	1	0	1	1	1	0	2	0	0
IL	2008	0	0	0	0	0	1	0	3	2	0	1	0
IL	2009	0	0	1	0	3	0	0	1	1	0	2	0
IL	2010	1	0	0	0	0	0	2	6	1	1	0	2
IL	2011	1	0										
IN	1982	0	1	0	0	18	3	2	0	0	1	0	0
IN	1983	0	2	0	1	1	0	1	7	1	0	0	1
IN	1984	0	1	0	0	0	2	2	0	3	4	0	1
IN	1985	2	0	7	0	4	0	0	1	0	19	0	0
IN	1986	0	0	0	2	1	0	5	0	2	0	4	0
IN	1987	0	0	0	1	5	0	3	2	5	0	0	
IN	1988	3	0	3	0	2	0	1	1	0	5	0	0
IN	1989	0		2	0	0	3	1	0	6	0	0	0
IN	1990	0	0	0	1	1	0		1	3	1	2	0
IN	1991	1	0		1	0	0	2	3	0	0		3
IN	1992	0	0	2	0	0	0	1	0	0	0		0
IN	1993	0	1	0	0	0	1	0	0	0	0	0	1
IN	1994	0	0	1	0	0	3	2	0	4	0	0	
IN	1995	0	0		0	1	1	3	3	2	3	0	0
IN	1996	0	0	0	0	12	0	0	1	0	0		0
IN	1997	0		0	2	2	2	2	0	0	0	0	0
IN	1998			0	1	0	1	0	4	2		1	0
IN	1999	0			1	0	0		3	2	5	2	0
IN	2000	0	1	0		0	0	0	1	2	0	0	0
IN	2001	1			0	0	1	1	0	1	2	0	1
IN	2002	0	0	0	0	2	0	0	0	0	1	4	1
IN	2003	0	0	0	0		0	0	0	1	0	0	
IN	2004	1	0		2		0	4	1	2		0	0
IN	2005	0	0	0	0		2	0	5	1	0		
IN	2006	0	1	0	0	0	1	0	0	0	2	0	
IN	2007	0		0	0	1		0	0			1	0
IN	2008	1			0	0	0	0	1	0	1	0	0
IN	2009	0	1	0	0	4	1	2	1	0		0	0
IN	2010		0	1	0	0	0	1	1	2	0	0	0
IN	2011	0	0	0									
KS	1982	1	0	0	0	1	1	3	1	1	2	0	1
KS	1983	0	0	1	2	4	0	0	2	1	1	0	1
KS	1984	0	1	0	0	0	3	6	4		0	0	0
KS	1985	2	0	0	1	6	0	3	2	0	0	0	0
KS	1986	2	1	1	0	0	0	2	0	0	0	0	0
KS	1987	0		0	3	3		1	0	0	1	0	2
KS	1988	0	0	0		2	1	0	0	1	1	0	5
KS	1989	0			1	0	25	0	0		0	0	
KS	1990	1		3	1	0	2	2	1		1	0	0
KS	1991	0	0	0	0	0	0	1	1	0		1	
KS	1992		0	0	0	0	1	1		1	0	0	0
KS	1993	1		0	0	2		0	1		0		0
KS	1994	0	0	0	0	3	1	4	1	1	0	0	0
KS	1995		0	3	1		0	2	1	2	3	2	1
KS	1996		0	0	0	0	1	2	2	0	0	0	0
KS	1997	0	0	0	1	0	5	0	0	0	0	1	1
KS	1998			0	0	6	1	1	2		0	0	
KS	1999	0	0	0	0	1	1	4	0	0	1		0
KS	2000	4	0	0	0	0	1	0	2	0	1		
KS	2001	0		0		0	0	0	0		0	0	0
KS	2002	0		0	0	1	0	1	1	0	0	0	
KS	2003		0	0	2	0	5		0	2		0	1
KS	2004		0	0	0	0	2	1	3	1	0		
KS	2005	0			1	0	1	0			2	0	3
KS	2006	1	0	0	1		1	0	0		2	0	0
KS	2007	1	0	0	1	0	1	0	1	0	0	1	1
KS	2008	0	0	0	0	1	1	1	0	0	0	2	
KS	2009	4	1	0	1	1	0	1	0	0	1		0
KS	2010	0		0	0	3	0	1	0	0	1		0
KY	1982	0	1	2	0	2	3	2	1	1	1	0	3
KY	1983	0	0	1	0	1	13	3	0	1	2		0
KY	1984		0	1		12	1	0	0	0	2	0	0
KY	1985	1	0	4	0	0		2	1	3	5	0	0
KY	1986	0	0			0	0	0	0	1	0	0	0
KY	1987		0	0	0	2	0	0	1	0	0	1	2
KY	1988	1		0	0	0	0		1	1	0	1	1
KY	1989	2		0	0	0				0	1	0	
KY	1990	2	0		0	0	2	0	0	0	0	0	
KY	1991		0		1	0		0		0	0		0
KY	1992	0		0	1	3	0	2	3	0		0	2
KY	1993			0	0	2	1	1		2	1		0
KY	1994	0		3	6	0	0		0	0	0	1	
KY	1995		0	0	0	0	0		0				1
KY	1996	0	1			2	1			1	4	0	1
KY	1997		0		0	0	0	2	0	2	0		0
KY	1998			3	0			0	1	0	0	1	
KY	1999		1		0	0	0	2		1	0		
KY	2000	0	0		0	1	2		0	1	0	2	1
KY	2001	0		0	4	2	0		0	0		0	1
KY	2002	1		2	1	0	0	2	1	1	0	0	
KY	2003		1	0	0		0	2		0	0	3	0
KY	2004	0	0	0	1	0	0		1	0		0	2
KY	2005	0		1	0		1			2	0	0	
KY	2006	2	0			0	0	0	1	0		0	
KY	2007				1		0	0		0	0	0	0
KY	2008		0	0	0	0	1	1	0	2	0		0
KY	2009	0	0	0	0		0	0	1		0	2	0
KY	2010	0	0	0	1	0	0	0	2	0	5		1
KY	2011			0									
LA	1982	1	0	0	0	0	0	0	2	1	2	1	2
LA	1983	1	2	0	0	1	0	3	2	0	4	3	
LA	1984	6	3	2	4	3	5	0	1	1	0	3	2
LA	1985	1	2	1	1	3	3	2	2	1	0	0	
LA	1986	0	0	2	0	1	3	2	1	2	1	1	0
LA	1987		0	0	0	9	0	2	1	0	1	0	1
LA	1988	0	0		0	1	7	1	0	0		1	1
LA	1989	3	1	0		1	1	0	2	0	1	0	0
LA	1990	2	1	2	0	0	1	0	2	0	0	0	2
LA	1991	0	0	1		0	1	0	1	0		0	0
LA	1992		0	0	1	1	0	1	3	0	0	0	0
LA	1993	0	0	0	0	1	4	1	0	0		0	4
LA	1994	1	1	4		0	1	2	0	0	0	2	
LA	1995	0	1	0	1	0	0	0	0	0	0		1
LA	1996	0	1	1	1	2	2	0	0	1	0	0	
LA	1997	1	0	0		1	2	0	0	2	2	1	0
LA	1998	0	2	1	1	0	1	0	0		1	3	0
LA	1999		0	0	1	1	1	2	1	1	1	0	1
LA	2000	0		0	0	2	2	1	2	1		0	0
LA	2001		0	0	0	0	2	0	1	0	0	0	0
LA	2002	0	0	0	0	0	3	1	1	1	0	0	
LA	2003	4	4	5	0	0	1		1	0		0	0
LA	2004	0	0	0	0	0	1	4	4	0	0		0
LA	2005	0	0	2	0	0	0	1	0	6	1	1	1
LA	2006		0	2	0	2		0			1	0	0
LA	2007					0	1	0		0	0	0	2
LA	2008			0	0	1	1	1	1	0	1		
LA	2009	0	0	0	2	2		0	0	1	2		0
LA	2010			0	0		0	0	2	0		0	0
LA	2011	0	1	0	0								
MA	1982	26	0	2		1	1	3	0	0	0	0	0
MA	1983		1	0	0	0	1	0	1	2	1	3	0
MA	1984	4	0	0	0	0	0	6	4	0	0	0	3
MA	1985	0		2	5	0	4	3	1	4	5	1	0
MA	1986	1		2	4	1	2	1	1	1	8	1	2
MA	1987	8	0	2	9	0	1	3	0	2	0	2	0
MA	1988	1	4	2	1		0	0	4	0	2	2	0
MA	1989	0	1	0	0		2	1	6	0	2	1	1
MA	1990	2	2	0	1	1	1	3	2	0	2	0	
MA	1991	0		2	1	0	0	0	2	2	1	1	0
MA	1992	3	1	0	1	1	2	0	1	0	2		
MA	1993	0			0	0	5	2	1	1	3	4	0
MA	1994	0	1	0	0	0	2	1	2	0	1	0	0
MA	1995		0		0	5	0	2	1	0	1	2	
MA	1996	0		1	0	2	0	3	0	1	0	0	0
MA	1997	0					1	0	0	0	0	2	1
MA	1998		0	1	0	0	0	1	0	1	0	0	
MA	1999	0	0		0	0		0	1	0	0	0	0
MA	2000		3	2	0	0	0	3	0	0	0	0	0
MA	2001	0	0	0	2	9	0	3	0		0	0	0
MA	2002	1				1	0	0	0	2	0	0	2
MA	2003	0	0	0	1	0	0	1	0	0	0	0	
MA	2004	2	0	0	2	1	0	0	3	1	0	0	
MA	2005	0	0	3	0		0	0		2	0	1	0
MA	2006	0	0		2	2	0	0	1	0			0
MA	2007		0	0		0	0	0	0	0		0	0
MA	2008	0		0		0	0		0	0		0	
MA	2009			0	0	0	2	1	0	0			
MA	2010	0		0	0	0	0	0	0	0		0	0
MA	2011	1		2									
MD	1982	0	3	1	1	3	1	1	0	0	0	1	0
MD	1983	2	0	0	1	1	4	3	1	0	0	2	0
MD	1984	0	0	0	5	0	0	0	3	1	0	0	0
MD	1985	2	1	4	0	3	6	0		0	0	1	0
MD	1986			0	1	1	3	0	0	1	0	3	
MD	1987	0	0	0	0	2	0	1	2	0	1		0
MD	1988		0	0	4	0	1	0	0	0	5	0	
MD	1989		0	0	2	0	1	12	0	3	2	0	
MD	1990	8	0		1	0	1	2	2	0	0	0	0
MD	1991			1	0		11	0	0	1	0		
MD	1992	0	1	0	0	0	1	1	2	0	0		0
MD	1993	2		0	0	0	0	0	0	0	1	0	
MD	1994	0	1	1	1	0	0	1	0	3			1
MD	1995			0	0	0	2	1	1	0	0	0	0
MD	1996	0			0	8	2	0	3	0	1	2	0
MD	1997	0	1	2	0	0	1	1	0	1	4	0	0
MD	1998				0	2	1	2	0	0	0	4	
MD	1999			0	0	1	3		0	0	2	0	3
MD	2000		0	0	0	0		1	0		0	0	2
MD	2001				0	0	0	1	0	0	0		
MD	2002			0		0	0	0	1	3	0		0
MD	2003			1		0	5	0	1		0	0	
MD	2004	0	0	2		0	0	0					
MD	2005	0		0	0			1	0	0			0
MD	2006	0	0		0	0	0	0	0	0	0	0	0
MD	2007			0	1	0	1	0	2				2
MD	2008	1	0	0			0	1	0	0	0	0	
MD	2009		0	1	0	11	0	0	1				
MD	2010	0	0	2			0	0	0	1	0	0	
MD	2011		0										
ME	1982		0	0		2	3	2	2	0	0		
ME	1983	0		0		1		3	3	0		0	0
ME	1984	0		0	0	5	2	7	3	0	0		0
ME	1985	0	0		1	0	0	0	0	0	0		
ME	1986			1	0	0	0	2	0	0	0	0	0
ME	1987				3			0	2	1	0		0
ME	1988		0	0		0	0	0	1	0			1
ME	1989	0	1		0			1	2	0	6		
ME	1990			1		0	0	0	0	1	0	0	
ME	1991		0	1	0	1	0	5	0	1	3	0	
ME	1992	0	1	0	0	2	1	1	3	1			
ME	1993		0	2	0		0	1	1	4		0	0
ME	1994		0	0	0	0	0	2	1	2	1	0	
ME	1995			0	0		1		1	1	0	0	0
ME	1996	0	0	1	0		0	1	0	0			1
ME	1997	2	0	0			0	0					
ME	1998	0	0	0	0		0	2	0				
ME	1999		0				0	0	0	1	0	0	0
ME	2000	0	0			0	1	0	2	1	0		0
ME	2001	0				3	0	0	0	0	2	0	1
ME	2002	1			0		0	0	1	0	2	0	
ME	2003	0	0			0	0		0	3		0	
ME	2004	0		1		0		0	0	0	1		
ME	2005				0	2			2	0			
ME	2006	0	1	0	2	0	0			2			0
ME	2007				0	1	0	3	3		0		
ME	2008	0	0		1	5	0		0	0	0		
ME	2009				0	0	1	2	4		0	0	
ME	2010	0				0		0	0	1	1		
ME	2011		1	0	0								
MI	1982	0	0	0	4	1	0	3	1	2	2	0	1
MI	1983	0	2	1	0	2	4	1	7	0	2	0	0
MI	1984	0	2	1	0	1	14	2	0	0	1	0	0
MI	1985	0	0	0	43	2	7	0	0	2	5	2	1
MI	1986	0	0	3	2	0	0	1	9	1	1	1	1
MI	1987	0	16	8	1	1	3	6	5	0	0	0	0
MI	1988	0	1	25	4	0	4	0	5	0	0	2	0
MI	1989	1		3	1	1	6	2	6	2	4	1	0
MI	1990	0	0	0	6	0	1	3	1	3	4	0	53
MI	1991	0	0	0	0	2	2	2	1	0	1	5	0
MI	1992	0	0	0	0	0	0	2	3	0	0		0
MI	1993	0	0	2	0	4	0	6	3	4	3	1	0
MI	1994	0	0	3		1	4	10	4	2	0	0	0
MI	1995	0	0	1	1	0	5	0	5	5	2	0	1
MI	1996	0	0	0	0	0	7	1	0	1	2	4	1
MI	1997	0	0	1	0	1	3	0	2	3	4		2
MI	1998	0	0	0	0	1	5	2	0	1	0	0	0
MI	1999	0	0	1	1	3	1	0	1	0	0	0	1
MI	2000		1	0	4	3	3	2	0	0	1	1	0
MI	2001	4	2	3	0	3	1	3	3	3	0	0	0
MI	2002	1	1	0	0	0	0	7	0	0	0	1	0
MI	2003	0	0	2	0	2	0	11	3	0	0	0	2
MI	2004	0	1		1	0	1	3	0	1	0	1	0
MI	2005	0	0	0	1	1	7	1	0	1	1	0	
MI	2006	0	0	1	0	0	0	7	0	0	0	0	0
MI	2007	4	2	0	2	1	2	2	0	0	1	0	0
MI	2008	0		0	1	0	1	1	0	0	1	1	0
MI	2009	0			0	1	1	1	1	1	1	1	0
MI	2010	0		0	0		0	1	2	0	2		0
MI	2011	0	0	0	0								
MN	1981								0				
MN	1982	0	2	2	0	1	3	1	0	4	0	1	
MN	1983	0	0	1	0	0	2	5	0	1		4	2
MN	1984	2	2		0	2	7	2	0	0	1	0	
MN	1985	0	0	0	0	1	0	2	1	3	0	0	0
MN	1986	3	0	5	3	0	3	1	0	0	0	0	0
MN	1987	0	0	0	2	0	1	0	0	2	0	0	0
MN	1988	0	0	0	0	1	4	6	3	1	1	0	0
MN	1989	1	0	0	0	3	1	0	2	2	1	2	
MN	1990	0	0	0	3	0	2	5	2	0	1	0	0
MN	1991	0	1	0	1	5	0	1	0	6	1	3	4
MN	1992	0	0	0			0	0	2	0		1	0
MN	1993	0	1		0	1	0	2	1		3		1
MN	1994	0	0	0	0	0	0	0	0	2	1	0	0
MN	1995	0	0	0	0	1	1	3	2	2			0
MN	1996	0	0	0	1	1	0	4	0	0			0
MN	1997	2	0	0	3	0	0	2	0	0	0	0	0
MN	1998	0	4			4	0	1	1	0	1	6	
MN	1999	0	0	0	1	0	0	1	0	3	0	0	2
MN	2000		1		3	1	2	0	1	0	1	0	0
MN	2001		0	1	1	2	0	6	0	4	0	5	
MN	2002	0	0	0	0	1	3	1	1	2	1	1	0
MN	2003	1	1	0	0	1	2	3	0	1	2	0	0
MN	2004	0	0		4	1	1	0	1	1	0	0	0
MN	2005	0	0	1	0	14	0	0	1	0	1	0	1
MN	2006	0	0	0	0		1	3	0		0	0	0
MN	2007				0		1	1	2	2	0	1	0
MN	2008	0	0		0		1	6	1	0	0	0	0
MN	2009	0		0		0	0	1	1	1	1	0	
MN	2010		0		2	0	0	0	0	1	2	0	2
MN	2011	0	0	0	0								
MO	1982	0	0	0	0	2	1	0	4	0	0	1	2
MO	1983	0	2	0	0	8	3	1	1	0	0	0	2
MO	1984	1	1	1	0	1	2	4	2	4	2	2	1
MO	1985	0	0	4	1	0	4	3	2	3	2	0	0
MO	1986	1	0	1	0	1	0		0	2	0	0	2
MO	1987	0	0	4	1	0	0	1	2	4	0	0	5
MO	1988	0	0	0	0	4	0	1	3	1	2	0	2
MO	1989	0	0	0	0	2	1	3	1	0	1	3	0
MO	1990	4	1	0	0	0	1	4	4	2	0		0
MO	1991	0	1	0	0	7	0		1	0	1	0	0
MO	1992		2	0	4	0	1	3	2	1	0	4	0
MO	1993	0	0	1	1	0	5	5	1	2	0	2	0
MO	1994	1	1	2	0	0	1	1	2	1	1	1	2
MO	1995	0	1	0	3	0	3	4	1	0	0		1
MO	1996	1		0	2	0	0	2	3	0	0	1	
MO	1997	1	0	0	0	0	2	0	3		0	0	1
MO	1998		0	0	0	2	4	3	0	0	1	0	
MO	1999	1	4	0	0	0	1	0	0	3	0	0	0
MO	2000		0	0	2	0	1	5	2	1	0	0	0
MO	2001	0	0		0	0	3	0	1		0	2	2
MO	2002			0	14		2	1	0	0		3	2
MO	2003	0		1	0	2	1	0	1	3	2	0	0
MO	2004	0	0	1	0	3	0	0	1	6	0	0	0
MO	2005	0	2		1	0	2	0	1		0	1	1
MO	2006	0	1	0	0	0	0	0	1	0	1	0	1
MO	2007		0	1	1	0	1	4	0	4	0	0	
MO	2008				1	2	0	3	0	0	0	0	0
MO	2009	0	0	2	0	0	0	1		0	0	0	1
MO	2010		0	0	1	0	0	0	1	4	0		0
MO	2011	0	1	0	0								
MS	1982	3	0	1	0	0	0	0	2	1	1		1
MS	1983	0	0	0		0	1	2	0	0	0	0	0
MS	1984		0	1	1	0	1	2	4	0	6	1	
MS	1985	0	2		0		2		0	0	1	0	0
MS	1986	0	0	0		2	0	1	2	0	0	0	0
MS	1987	0	1	2	0	0	1	2	0		1	0	0
MS	1988		2		0	0	1	0	4	3	1	4	
MS	1989	0	0	1	0	0	3	1	2	3	0		0
MS	1990	0		0	0	1	1	0	4	0	0	0	
MS	1991			3		1	2	4	0	1	2		0
MS	1992	0	1	0	1				0	1	0	1	
MS	1993	2	4	0	1	3		3	1	1	0	0	0
MS	1994	2	0	0			1	1	2	0	1	0	
MS	1995	1	0	0	1	0	0	2	1	2	0	0	0
MS	1996	4	1		0		0	0	2	1	0	0	0
MS	1997	0	0	0	0	1	0	4	0	2	2	0	
MS	1998		2	0		0	2	0	0	1	2	0	2
MS	1999	1	0	0	2	0	0	0	1	3	1	0	0
MS	2000		0	1	1	0	0	0	0	0	0	0	
MS	2001	0	0	0		0	1	0	1	0	0	0	
MS	2002	1		0	0	4	0	0	0	0		0	
MS	2003	0	1	0	0	0	6	0		0	0	0	
MS	2004			0	0	0	0			1	1	0	0
MS	2005	0	0	0	0	0	3	0	0	0	0		0
MS	2006			0	0	0		0	0	1	1		0
MS	2007	0	0	0	0		0	2	1		2		0
MS	2008	0	0	1			0	0	1			0	
MS	2009	0		0	2	0	0	1		0	0	0	
MS	2010	0					0	0		0	0		0
MS	2011			3	0								
MT	1982	1	1	0	0	1	4	1	1	0	1	0	0
MT	1983	0	0		2	2	5	0	0	0	0	0	0
MT	1984	1	2	0	0	0	0	0	1	2	2		2
MT	1985	1	0	0	0	2	0	0	0	1	2		1
MT	1986	0	0	1		1	0	0	1	1	0	1	1
MT	1987	1		0	0	0	0	3	0	0	2	1	0
MT	1988		1	0	2	0	1	1	2	0	1	1	0
MT	1989	0	0	0	0	2	0	1	0	0	0	0	0
MT	1990		3	0	0	0	4	3	0	0	0		0
MT	1991	0	0	0	0		1	1	1	0	0	0	4
MT	1992	0	0	0	0	1	3	0	0	1		0	0
MT	1993	0	0	0	3	0	2	0	0	0	0		
MT	1994	0	0	0	3	0	0	0	0	2	0	0	
MT	1995	0	0	0	0	0	0	0	0	0	0	0	
MT	1996	0	0		0	0	0	0	0	2	0	0	0
MT	1997	0	1	0	0	3	1	5	0	0	1	0	1
MT	1998	0	1	0	2	0	0	4	0	1	2	0	
MT	1999		0		0	0	1	1	0	0	2	0	0
MT	2000	0	0	0	0	0	0	0	0	1		0	
MT	2001		0	0		0	0	2	0	0	0	0	0
MT	2002	1		0	0	1	1	3	0	0	1	0	
MT	2003		0		0	0	2	2	0	0	0		1
MT	2004	0	0	0	0	1	3	0	0	0	4		0
MT	2005	0	0	0	2	0	2	1	2	0		0	0
MT	2006		0	0	1	0	0	0	1	2	0	0	0
MT	2007		0	0	2	0	0	2	0	0	0		0
MT	2008		0	1	0	1	3	0	0	0			0
MT	2009	0	0	0	0	0	0	0	0	0	1		
MT	2010	0		0		0	0	0	2	0			
MT	2011	0		0									
NC	1982	0	1	0	0	0	1	2	2	0	1	0	0
NC	1983	0	1	1	5	1	8	0	4	3	1	0	0
NC	1984	3	0	6	0	2		0	2	0	1	2	8
NC	1985	0	0	1	2	0	4	1	4	1	0	0	2
NC	1986	0	0	0	3	1	2	6	1	5	31	0	2
NC	1987	0	0	0	0	2	1	1	2	2	1	0	0
NC	1988	0	2	4	0	5	1	1	0	0	3	3	0
NC	1989	1	0	0	1	4	0	0	1	4	3	1	1
NC	1990	0	0	0	0	1	3	2	0	0	2	2	0
NC	1991	0	3	0	3	1	0	0	1	0	2	1	3
NC	1992		0	0	3	1	2	2	2	1	1		0
NC	1993	4	1	0	5	1	1	2	0	0	1	2	0
NC	1994	0	3	2	2	5	0	8	2	0	0	1	1
NC	1995	1	0	1	0	0	1	1	3	0	0	0	0
NC	1996		3	0	1	0	1	3	1	0	6	0	0
NC	1997	1	0	0	0	1	0	4	1	2	0	0	0
NC	1998	0	2	0	0	2	0	0	2	4	0	1	0
NC	1999	0	4	3	1	1	0	2	0		0	0	2
NC	2000	0	1	3	0	3	0	4	15	0	2	0	0
NC	2001	2		0	1	0	3	1	2	1	0	1	1
NC	2002	0	1	11	3	0	2	0	1	1	1	0	1
NC	2003	1	2	2		0	0	6	0	2	4	1	5
NC	2004	1			2	2	1	7	0	0	0	0	
NC	2005	0	2	2	0	0	4	0	3	0	2	2	0
NC	2006		0	1	1	2	1	1	1	0	1	0	2
NC	2007	0		0	1	2	1	0	2	1	0	0	0
NC	2008	0	1	0	0	0	1	0	1	1	0	5	0
NC	2009	1	1	0	4	0	0	4	0	0	0	0	0
NC	2010		1	0	1		0	1	0	1	7		0
NC	2011		0	0									
ND	1982		0	0	1	0	0	2	1	0		1	0
ND	1983	1	0		0	0	1	0	0	0	1	0	2
ND	1984	0	0	0	2	0	0	0	0	0	1	0	0
ND	1985	2		0	0		1	0	0	1	0	2	
ND	1986	0	0	1	0	0	1	0	0	0	2		
ND	1987		1	1	3	2	2	1	1	0	0	0	0
ND	1988		0				0	0					
ND	1989	0	0	0	0			3	0		0		0
ND	1990				2	0	1	0	1			0	
ND	1991	0			0	0	0	0	0	0			1
ND	1992			0	0	0	1	0	0	1	0	1	0
ND	1993		0	0	0	1	0	0	0				
ND	1994	0	0		1	0	0	1	0	0	2	0	
ND	1995	0		0	0	0	0	1	1	1			0
ND	1996	0				0	0	5	0	0	0	0	0
ND	1997			0	1	0	1	22		1	0		0
ND	1998			0	0	0	0	2	1	0	0	0	
ND	1999					0	0	1				0	0
ND	2000	0			0	0	0	0	1			0	
ND	2001					0	0	1	0	0			0
ND	2002		0				0	0	0	0		1	
ND	2003					1	0	0	0	0		0	
ND	2004						0	0	0	0	0		0
ND	2005		0		0	0	0	0	0				
ND	2006				0		1		0	0	0		
ND	2007		0				0	0	0	1	2		
ND	2008				0	1	1	1	0				0
ND	2009			0		0		1		0	0		
ND	2010				0	0	0	0			0	2	
NE	1982		0	0	1	5	2	4	37	2		1	1
NE	1983	0	0	0	0	0	1	1	4			2	0
NE	1984	0	0	0	5	1	0	1	0	0	0	0	0
NE	1985	0		0	0	0	2	1	0	2	0	0	2
NE	1986	0	0		0	0	0	0	1	0	0	0	0
NE	1987		0	0	0		0	0		0	0		0
NE	1988	2	0		0	0		0	0	1	2	0	1
NE	1989	1		0	0	2		0		1	0		0
NE	1990			0	0		0	2	0	0		0	
NE	1991	0	0	0	0	0	0		0	0			0
NE	1992	0		0	0	0	0	0	5	0	1	0	
NE	1993		0	0	0	1		0	2	0	0		0
NE	1994	2		0	1	0	1	1	1	0			0
NE	1995	0	0	0	0	0	0	0	0	0			
NE	1996	0	0		0		0		0		1		2
NE	1997						0	0	0		0	2	1
NE	1998	0	0		0	4	3	1	2		0	0	1
NE	1999	1	1		0	0	1	0	3	0	1	0	0
NE	2000							1	0	1	0		
NE	2001	0	0	0	1		2	0	0		0	1	0
NE	2002	0				0	0	0	0	1			
NE	2003	1				0	0	0	1	1	1		
NE	2004			0	0		0	0		0	0	0	
NE	2005	2			0	0	1		0	0	0	0	0
NE	2006	0		0		6	2	1	0	3			
NE	2007		0		0		0	1	0	0	0	1	
NE	2008	0		0	0	0	0	0		0		0	
NE	2009		0	0		0	0	1	0	0	1		
NE	2010	0				0	0	1	0	0		0	0
NH	1982	0		0	0	0		0	0	0	0	0	
NH	1983				0		3	0	0	2	0		4
NH	1984	0	0		0	0	1	0	0	0	0	2	
NH	1985	0	1		0	0	0	0		0	2		2
NH	1986	0	0	3		2	1	1	1	2	0		
NH	1987	0	3		0	0	0	0	0	0	0		0
NH	1988		0	0	0	2	0	2	2	0	0		0
NH	1989				0			0	2	2			
NH	1990		0						0	2	0	0	0
NH	1991	0	0	1	1	1		0	1	0	2		0
NH	1992						1	1	1		1		3
NH	1993	0			0	0	0	0	1		0		0
NH	1994			1	0			1	0		0		0
NH	1995		0	0					0		0		0
NH	1996	0				2		0	1	0			0
NH	1997	0			0	0	0	2	0				
NH	1998					0	0	4			1		0
NH	1999	0	1				0		1		1		
NH	2000		2	0	0		2	0	1	0		0	0
NH	2001	0	1	0	0		0	1	0		3		
NH	2002								0	0			
NH	2003	0					0				0		0
NH	2004		0				0	0	1	0	2	0	
NH	2005	0			0		1	0	2		0	0	1
NH	2006				0	0			0	0		0	
NH	2007		0		0	2				0	1	0	0
NH	2008								0	0	0		0
NH	2009		0			0	0			1			
NH	2010		0							0			0
NJ	1982	0	0	0	2	1	1	0	4	2		0	0
NJ	1983	0	0	1	1	3	2	2	0	1		0	7
NJ	1984	0	0	0	1	5	1	1	2	0		2	1
NJ	1985	0	0	0	2	2	8	0	4	2	0	0	1
NJ	1986	0	0	0	1	2	2	4	2	0	1	1	2
NJ	1987	10	1	0	4	3	1	2	2	0	2	0	0
NJ	1988	2	0	0	0	0	1	0	6	0	0	2	3
NJ	1989	0	0	2	1		1	1	1	2	2	1	0
NJ	1990		0	0	0	1	3	0	1	0	1	0	0
NJ	1991	2		2		0	1	11	0	0	72	4	
NJ	1992	0	0	0	0	0	1	0	2	0	1	2	0
NJ	1993	0	0	0	0	2	0	0	6		1	1	0
NJ	1994	0	0	1	0	0	0	1	3	0		0	0
NJ	1995		2	1	0	1	0	1	0	1		0	0
NJ	1996	0	1	1	3	0	0	2	0	0	0		2
NJ	1997	1	0	1	1	0	0	5	0		2	0	0
NJ	1998			0	0	1		0	6	0	5	0	2
NJ	1999	0	0	0	0	5	0	6	1	2	7	25	3
NJ	2000		0	2	0	3	3	0	1	1	0	1	0
NJ	2001	0		0	0	0	7	2	0	0	2		0
NJ	2002		2	0	1	1	0	2	0	0	1	0	0
NJ	2003	0	0	1	1	1	3	1		1	0	0	0
NJ	2004		0		0		0	2	6	1	0		2
NJ	2005	0	9	2	1	1	0	3	0	1	0	0	0
NJ	2006	0		0		1		1	1	0	0	0	
NJ	2007	0		1	2		0	3	2	1	0	0	0
NJ	2008	0	0	0	0	0	2	1	0	0		0	0
NJ	2009	0	1	0	0	1	0	0	1	0		0	
NJ	2010	3	0	0	0		1	0	1	0	0	0	0
NJ	2011		0	0									
NM	1982	2	0	1	5	2	0	0	3	2	3	0	1
NM	1983	0	0	2	2	1		3	2	1	0	1	0
NM	1984	3	3	0	0	0	2	4	0	0	2	0	0
NM	1985	5	0	0	3	6	3	2	0	0	4	2	1
NM	1986	2	0	5	0	0	1	3	4	0	0		0
NM	1987	1	1	0	1	0	0	6	2	0	2	2	0
NM	1988	2	2	3		0	0	1	0	4	3	2	0
NM	1989	0	0	0	1	3	1	1	6	1	2	0	0
NM	1990		0	0		0	3	0	2	0	5	0	0
NM	1991	0	0	0	2	0	2	1	0	0	0	0	3
NM	1992	1		0	0		0	1	2	2	9	0	
NM	1993	1	2	0	0	0	0	0	1	2	4	0	
NM	1994	0	0	2	0	0	0	1	0		2	3	2
NM	1995	0	2	0	1	0	1	1	1	0	0	3	0
NM	1996	2	0	0	2	0	5	1	0	1	0	0	1
NM	1997	0	1		4	2	0	3	1	1	1	0	2
NM	1998	1	0	1	4	1	1	0	1	3	9	2	0
NM	1999	0		2	4	1	0	2	0	1	0	0	1
NM	2000	0	0	3	0	0	4	1	4	2	0	1	0
NM	2001		0	0	2	2	5	0	0	1	12	0	0
NM	2002	0	0	1	0	2	0	0	0	0	0	0	0
NM	2003	4		0	1	1	1	0	0	0	9	1	0
NM	2004	2		0	0	0	1	3	0	1	3	0	0
NM	2005	0		0	0		0	0	1	0	0	0	0
NM	2006	1	0	2	0	1	0	3	0		2	1	
NM	2007	0	0	3	0	0	2	1	0	1	4	0	0
NM	2008	0	0	1	1	4	0	0	2	0	1	0	0
NM	2009	0	0	0	0	2	0	0	0		1		0
NM	2010	1	0	0		0	0	1	0	1	3	3	
NM	2011	0		0	0								
NV	1982	0	1	4	2	2	1	0	0	2	1	0	0
NV	1983	0	0	0		3	7	3	4	3	1	0	3
NV	1984	0	2	0	0	0	0	0	1	3	1	0	0
NV	1985	1	0	0	0	0	1	4	0	1	3	0	
NV	1986	7		3	0	1	0	2	3	0	0	2	0
NV	1987	0		0	2	0	2	0	1	1	0	2	0
NV	1988		2	3	1	0	3	0	2	0	3	0	
NV	1989	0	1	1	3	0	2	0	5	1	1	2	0
NV	1990	9	0	1	1	0	0	1	0	3		1	0
NV	1991	0		2	1	1	0	5	0	1	2		0
NV	1992	1	0	0	0	1	0	2	4	3	0	1	
NV	1993	0	0		0	2	1	0	0	0	3	2	0
NV	1994	0	0	3	0	0	8	2	9	2	0	4	1
NV	1995		1	0		0	0	3	0	0	2		
NV	1996			4	0	0	0	0	0	0	1	0	0
NV	1997		2		0	0	0	1	1	2	1	0	
NV	1998		0	5	2	0	0	1	0	0	5	1	0
NV	1999	0	1	0	1	1	0	0	1	12	0		0
NV	2000	1	1	2	0	0	3	3	0	0	0	0	1
NV	2001	0	0	1	4	0	0	3	1	0	1	0	0
NV	2002	4	0	6	0	1	6	0	1	0	0	0	0
NV	2003	6	0	0	1	0	1	4	2	0	0		0
NV	2004	0	0	0	0	0	0	0	0	1	1	1	0
NV	2005	0				1	2	3	1	0	0	0	1
NV	2006	0	0	0	4	0	1		6	0	0	1	3
NV	2007		1	0	1	4	2	3	0	4	0	0	0
NV	2008		7	0	0	1	0		1	0	0		
NV	2009	0	0	0	1	0	2	1	0	2	1	0	
NV	2010	2	0	0	0	1	0	1	0	1	0		
NV	2011	0	0	0	1								
NY	1982	3	0	5	6	3	1	4	3	0	0	0	1
NY	1983	2	2	8	4	2	4	2	4	2	4	0	0
NY	1984	17	13	2	2	0	0	2	2	2	2	0	0
NY	1985	0	0	0	6	2	4	3	2	6	0	0	0
NY	1986	2	14	1	10	2	2	1	3	1	0	1	2
NY	1987	0	3	0	1	0	1	2	0	0	5	0	1
NY	1988		1	1	3	9	2	2	2	9	0	3	0
NY	1989	2	4	11	0	3	3	5	1	18	0	0	0
NY	1990	5	1	0	1	1	2	7	2	8	1	1	0
NY	1991	0	0	6	4	1	4	3	2	0	3	0	6
NY	1992	0	1	12	0	5	2	11	0	1	0	0	0
NY	1993	2	0	1	3	3	2	3	2	0	0	1	1
NY	1994	0	0	30	0	3	11	1	2	0	1	0	0
NY	1995		5	0	33	3	3	1	0	3	6	0	24
NY	1996		33	2	2	8	0	0	2	2	5	0	0
NY	1997			0	1	3	1	2	0	0	0	1	4
NY	1998	0	0	0	0	2	4	4	0	3	1	1	0
NY	1999	2	2	4	2	0	1	0	4	1	0	5	0
NY	2000	0	0	2	0		0	2	3	1	0	1	0
NY	2001	0		1	0	1	1	5	3	0	0	0	0
NY	2002		2	0	0	4	0	1	35	0	0	6	0
NY	2003	6	0	23	0	2	3	6	0	3	0	0	1
NY	2004		0	0	0	2	0	0	0	2	0	5	1
NY	2005	2	2	0	0	2	16	2	0	3	2	1	0
NY	2006	2	0			7	1	3	2	0		1	1
NY	2007	0	0	2	0	2	1	0	0	1	0	1	0
NY	2008	1		0	1		2	0	4	0	0		0
NY	2009	0	0	0	0	0	0	0	0	0	0	1	0
NY	2010	0	0	1	3	2	1	0	8	8	1	1	0
NY	2011	0	0	0	0								
OH	1979								0				
OH	1982	0	2	3	4	9	3	0	0	2	3	0	0
OH	1983	2	4	2	5	0	2	3	4	0	5	1	0
OH	1984	0	3	1	3	0	5	1	5	3	1	1	1
OH	1985	0	0	1	4	3	4	6	1	0	0	2	1
OH	1986	0	0	1	1	2	4	1	4	1	1	3	0
OH	1987	1	0	2	3	1	6	3	0	4	2	0	0
OH	1988	0	1	3	2	2	0	4	6	2	1	0	0
OH	1989	3	2	0	0	0	5	0	3	1	2	0	2
OH	1990	0	0	0		4	3	3	1	0	0	1	2
OH	1991	3	2	1	0	0	0	6	5	3	0	2	1
OH	1992	0	0	1	4	2	2	2	2	0	2	0	0
OH	1993	0	3	3	2	0	1	0	1	2	2	0	0
OH	1994	2	0	1	0	0	5	3	1	0	1	1	1
OH	1995	0	0	1	3	0	1	1	3	2	1	0	1
OH	1996	0	0	0	3	3	5	1	1	0	0	0	1
OH	1997		1	4	1	1	2	4	2	2	0	0	1
OH	1998		1	1	0	1		0	2	2	0	2	0
OH	1999	0	0	0		3	2	0	1	0	1	0	0
OH	2000		1	0	4	0	1	2	3	1	3	3	
OH	2001	0	0	0	2	0	0	3	0	0	0	0	0
OH	2002	0	0	2	0	0	2	9	0	2	1	0	0
OH	2003	3	0	0	0	1	2	3	2	0	3	0	0
OH	2004	0	0		1	2	0	2	1	0	2	0	1
OH	2005	0	0	1	3	0	3	2	1	1	0	0	0
OH	2006		0		0	0	0	1	0	0	0	1	1
OH	2007	0	0	2	3	1	1	2	0	3	0	0	0
OH	2008	0	0	2	1	0	0	1	0	4	0	0	0
OH	2009		0	0	0	0	2	0	1	0	0	0	
OH	2010	0	1	1	1	0	1	0	2	4	0		2
OH	2011	3		0	0								
OK	1982	0	0	1	0	3	6	3	0	2	1	2	0
OK	1983	0	1	1	1	0	1	2	1	1	0	0	4
OK	1984	0	0	0	0	5	0	1	3	2	2	0	1
OK	1985	0	4	4	0	0	2	2	5		2	0	0
OK	1986	0	0	0		0	0	1	6	7		0	1
OK	1987	0	1	1	1	1	1	1	1	0	2	0	0
OK	1988	0	0		0	8	4	2	1	0	0	0	0
OK	1989	0	0	2	0	1	4	0	0	1	1	0	0
OK	1990	0	1	1	2		1	0	7	1	0		0
OK	1991	0	0	1	0	0		0	4	1	0	0	0
OK	1992	0	5	2	0	0	0	3		2	0	1	0
OK	1993		1	0	0	2	0	0	0		0	0	0
OK	1994	2		0	1	0	0	0	1	1	0	2	2
OK	1995	0	0	3	0	0	1	2	0	0	1	0	1
OK	1996	0	0	1	1	1	0	1	1		0	0	0
OK	1997	1	0	0	3	0	2	2	0	0	0	0	
OK	1998	0	0	6	0	9	0	5	1	0	0	3	4
OK	1999	0		1	0	0	1	0	0	3	2	1	1
OK	2000	4	0	0	3	0	1	0	0	0	0	2	0
OK	2001	0	1	2		4	1	0	1		1	0	0
OK	2002	0	0	1	1	3	0	4	0	1	1	0	0
OK	2003	0	0	0	0	1	2		0	2	0	0	0
OK	2004		1		2	1	3	0	0		0	2	1
OK	2005	3	2	0	1	0	2	0	0	0		0	2
OK	2006	1		0	0	2	1	0		0	0	1	1
OK	2007	0	0	3	2	0	1	2	1	0	0	0	0
OK	2008	0	0	0	0	2	4	0	0	2		0	
OK	2009	1	0	2	2	3	0	0	1	2	0	0	0
OK	2010		0	4	1	1	0	0	0	2		0	0
OK	2011		0		0								
OR	1982	0	1	2	0	6	2	2	0	8	2	0	2
OR	1983	1	2		1	1	5	1	1	0	0	5	0
OR	1984	1	0	1	0	0	1	7	2	0	1	4	2
OR	1985	1	2	1	0	5	0	2	0	0	2	0	0
OR	1986	2	0	1	0	0	0	1	5	0	2	2	4
OR	1987		0	0	6	1	6	0	2	1	0	0	0
OR	1988		1	5	2	6	0	2	3	4	0	0	1
OR	1989		0	1	1	0	3	3	1	2	0	0	0
OR	1990		2	3	0	0	1	3	4	4	0	0	1
OR	1991	0	0	0	1	3	2	5	2	2	1	0	0
OR	1992	0	1	1	3	6	5	2	1	0	6	0	0
OR	1993	0	4	0	1	5	2	3	0	3	0	1	0
OR	1994	3	1	0	2	1	1	0	3	0	1	0	
OR	1995	0	0	1	0	1	0	1	0	1	0	1	0
OR	1996	0	4	2	1	2	3	4	2	2	4	0	1
OR	1997	2	1	2	2	1	1	3	1	2	0	9	0
OR	1998	0	1	1	0		1	5	1	2	0	0	
OR	1999	0	0	1	1	0	0	2	0	1	0	1	1
OR	2000	0		0	1	0	2	2	6	2	2	3	0
OR	2001	0	0	0	0	4	0	0	1	3	1	0	0
OR	2002	0	1		0	1	1	0	2	0	0	0	0
OR	2003	0	0	0	1	1	0	2	4	1	0	0	0
OR	2004	0	1	4	1	0	1	1	3	2	0	1	0
OR	2005	0	1	3	2	1	0	0	0	2	0	0	2
OR	2006	0	2	1	0	1	0	0	7	0	2	0	0
OR	2007	1	0	0	0	2	0	1	1	3	2	0	
OR	2008	1	0	0	0	2	5	1	1	0	0	0	
OR	2009				1	0	0	2	5	3	1	0	
OR	2010	0	1	1	0	0	0	3	1	0	0	0	0
OR	2011	0	1	0									
PA	1982	0	0	0	3	0	6	2	0	1	0	2	0
PA	1983	1	0	2	2	1	3	1	0	1	3	2	1
PA	1984	0	1	1	1	0	0	3	2	10	3	1	0
PA	1985	0	1	1	1	4	0	2	10	4	0	3	0
PA	1986	0	8	3	1	3	3	0	3	0	1	2	0
PA	1987	1	1	0	1	1	0	0	2	7	3	1	0
PA	1988	0	0	0	1	2	0	0	3	0	4	4	0
PA	1989	0	2	2	3	0	3	0	5	1	1	0	0
PA	1990	3	0	2	5	0	2	5	2	4	1	3	0
PA	1991	0	0	1	8	3	5	5	0	6	4	0	0
PA	1992		0	2	1	4	1	1	1	0	2	0	1
PA	1993	0	0	0	8	2	0	4	3	0	1	2	0
PA	1994	0	0	0	1	1	4	0	1	1	4	3	2
PA	1995	1		0	2	1	0	3	0	0	0	0	0
PA	1996	1	9	0		3	0	3	3	0	0	1	0
PA	1997	2	0	1	3	4	4	3	6	0	4	0	5
PA	1998	2	0	1	3	7	0	2	13	0	0	0	0
PA	1999	0	2	1	0	1	1	0	2	0	0	5	1
PA	2000	0		6	0	2	4	3	3	2	2	2	0
PA	2001		0		4	2	1	0	1	1	4	1	
PA	2002	0		0	0	0	7	0	0	1	0		0
PA	2003		0	0	0	1	1	1	1	0		0	0
PA	2004	0	0	0	0	0	0	0	0	0	2	0	1
PA	2005		0	0	0	0	0	1	2	1	1	0	0
PA	2006	1	3	0	0	0	0	3	2	0	0	0	0
PA	2007	3	0	1		4	4	1	0	4	0	0	0
PA	2008			0	0	3	2	1	0	3	0	3	1
PA	2009	0			0	0	0	3	0	3	1	0	
PA	2010	0	3	0	0	2	0	0	0			0	
PA	2011	0	0	0	0								
PO	2002					6							
PO	2006						0						
PO	2009				0								
PO	2010									1			
PR	1984		1										
PR	1999							0					
PR	2001		0		0	0	0	0				2	2
PR	2002	2			2	1	0				0		0
PR	2003			1					0	6			
PR	2004		0			19				0	1		
PR	2005		5	0	0			0	1				
PR	2006	1		2			1		0	0			
PR	2007	0		0	2	1		0					
PR	2008						0		0			1	0
PR	2009		0		0	4		0				1	0
PR	2010		1	0	0			0	4		0	0	
PR	2011				0								
RI	1982		1	0			0						
RI	1983				0		1	0	0		0		
RI	1984				0	0			1	0	0	0	
RI	1985			0				0		0	1	0	
RI	1986				0			2					0
RI	1987	0		0			1	0	0	2			
RI	1988	3	1	0			0	1		0		0	0
RI	1989	5						0	0			0	
RI	1990	2		0			0				0		0
RI	1991					0	0		1	0			0
RI	1992	0								0			
RI	1993				0	0			0	0		0	
RI	1994						0	0	1	1		0	
RI	1995						0		0				0
RI	1996						0	3	0			0	
RI	1997						1		2	0			
RI	1998					0							
RI	1999								1	0			
RI	2000		11		2				0	0			
RI	2001		1		0		1						
RI	2002		0					0		0	3		
RI	2003			2	0			4	0			2	
RI	2004					1					0		0
RI	2005										0		
RI	2006							0	0			0	
RI	2007							0	0				0
RI	2008					3	2	0	1	0		0	
RI	2009							0					
RI	2010						0						
SC	1982	0	0	1	0	0	1	0	2	0	0	0	4
SC	1983	1	0		0	0	1	1	2	0	0	20	0
SC	1984	0	0	8	0	0	3	2	2	0	0	1	0
SC	1985		5	1	0	0	0	0	7	6	0	0	0
SC	1986	1	0	0	3	0	0	1	0			0	
SC	1987	1	0	2	0	2	0	1	1	0	1	0	0
SC	1988	1	0	1	1	1	0	1	11	1	1	0	
SC	1989	0		1	2	0	0	0	0	0	0	1	
SC	1990	0		2	0	0	3	0	0	0	1	0	0
SC	1991	0		0	1	0	0	0	0	1	0		1
SC	1992	0	0	3	0	1	0	1	3	0	0	0	1
SC	1993		0	0	0	1	1	3	2	0		1	4
SC	1994	0	0	1	1	0	0	1	0	0	1	1	1
SC	1995	0	0	2	1	1	1	4	0	0		0	2
SC	1996	1	0	0	1		1	0	0	1	0	0	0
SC	1997	1	1	2	1	0	1	0	5	0		0	0
SC	1998	0	1	0	0	1	2	1	1	0	0	1	
SC	1999	0	0	0	0	3	8		2		0	1	2
SC	2000	0		0	0	1		17	1	0	1	0	0
SC	2001		0		1	0	0	0	0		0	0	0
SC	2002	0	1	0	0	2	0	0	1	0		0	0
SC	2003	2	0	1	0	0	1		0	1	0	0	0
SC	2004	0	1		0	3		2		0	0	0	0
SC	2005	0	0	0	0	0	0	1	2		1	2	0
SC	2006	0	0	1	0	1		0	0	2	0		0
SC	2007	0		0		2	0	0	0	3	0		0
SC	2008	2		0		1	0	2	2	0	2		2
SC	2009	0	0	0	2	0	0	0	0	0	0	0	0
SC	2010			0	0	0	2	0	0	0	1	1	
SC	2011	0	0	0									
SD	1982		0		0	0	0		0	0	0	0	
SD	1983	0	2				1	0	5	0	0	1	2
SD	1984	0			0	1	0	0	0	0	0	1	
SD	1985		0	0		2		0	1	0	0	0	
SD	1986		0		1	2	2	0	0			0	
SD	1987		1		1	0		0	0		0	0	0
SD	1988				0		0	1	0	0			
SD	1989			0	0	0		0		1	0		
SD	1990	0	3	0	0	0	1	0	0	0			
SD	1991			0	0	0	1	1	2	0			
SD	1992	0		1	0	0	0		6				0
SD	1993				0		2	1	0		0	0	0
SD	1994	0		0	0	0	0		0		0		
SD	1995	0				0	0	3	6	0	0	0	1
SD	1996			0		0	1	2	1		0	0	
SD	1997		0		1	0	0		1	0	2		0
SD	1998			1	0	2	0	1	0				
SD	1999		0				1	0	1	1	1		2
SD	2000			0	0	0		0	0	0	0	1	0
SD	2001	0	0				0	0	0	0			
SD	2002					0	0	1		0		0	0
SD	2003				0	0	1	0	1	0			0
SD	2004	0		0			1	0		0		0	3
SD	2005					2		0	0	0	0		0
SD	2006	0	0						0	0			1
SD	2007	0			0	0		3			0		
SD	2008				0				2	0	1		0
SD	2009			1		0	4	0	0	0			
SD	2010					0	0	1		0		1	
SD	2011			0									
TN	1982		1	0	1	0	1	0	0	0	6	0	0
TN	1983	0	0	1	0	4	0	4	1	1	19	0	0
TN	1984	0	0	0	2	0	4	1	1	4	0	4	0
TN	1985	0	1	5	3	0	0	1	1	4	2	8	0
TN	1986	0	2	1	1	1	3		0	0	1	1	0
TN	1987	0	1	0	0	0	1	1	0	0	0	0	1
TN	1988		18	0	2	0	0	2	1	1	0	0	0
TN	1989	0	0	2	0	0	24	1	1	2	0	0	0
TN	1990	0	0	2	0		0	1	1	0	0	2	1
TN	1991	0	0	0	0	11	0	1	2	3	0	0	
TN	1992	0	0	3	0	0		0	0	2	0	1	1
TN	1993	0	0	0	2	0	0	0	2	0	1	0	0
TN	1994	0	0	3	3	0	0	0	0	0	0	0	1
TN	1995	1	1	3	1	1	0	1	1	0	0	4	0
TN	1996	7	1	1	1	1	0	8	1		1	0	0
TN	1997	0	1	0	1	0	7	1	1	0	0	0	0
TN	1998	0	2	0	0				1	0	0	2	0
TN	1999	0		0	1	5	3	0	3	3	1		0
TN	2000	0	0	1	0	0	0	0	0		1		2
TN	2001	0		0	0	0	0	0	2	0	1	0	0
TN	2002		0		0		0	2	2	0	1	0	2
TN	2003	0	5	0	0	1	0	1	2	2	0	0	2
TN	2004		0	1	2	0	0	0	2	0	0	0	0
TN	2005	1		1		0	3	0	0	2	0		0
TN	2006	0	0		0	1	1	0		0	1	0	0
TN	2007			3	0	2	2		0	4	1	0	
TN	2008		0	0	0	4		1	1	0	0	0	1
TN	2009	0	1		0	1	0	2	0	0	6	0	
TN	2010	1	0	0		2	2	1	1	0		0	
TN	2011		0	0									
TX	1982	3	0	6	12	4	7	11	7	8	2	6	2
TX	1983	2	2	6	5	2	9	6	6	4	7	4	1
TX	1984	2	18	12	1	11	5	4	7	10	6	6	7
TX	1985	3	2	8	2	4	7	10	21	6	9	6	6
TX	1986	6	3	9	3	11	5	4	3	5	6	7	3
TX	1987	1	6	4	6	1	5	8	10	4	5	1	0
TX	1988	11	5	6	3	14	10	0	53	6	5	3	5
TX	1989	1	15	8	3	3	3	10	2	5	7	10	0
TX	1990	3	5	3	2	0	3	10	11	4	2	2	1
TX	1991	1	6	2	4	2	4	6	6	4	1	2	2
TX	1992	2	1	1	4	2	2	2	5	1	5	4	5
TX	1993	8	2	5	46	2	3	8	5	1	3	5	1
TX	1994	0	2	1	3	3	5	1	16	4	7	1	4
TX	1995	6	5	2	12	3	3	4	6	9	8	5	1
TX	1996	1	16	3	3	7	16	2	5	12	3	4	2
TX	1997	6	3	2	2	3	1	5	3	1	2	7	3
TX	1998	4	5	1	5	2	3	5	3	3	9	1	9
TX	1999	8	4	1	0	8	3	7	8	1	5	1	1
TX	2000	0	3	7	8	2	5	10	7	5	2	1	4
TX	2001	0	4	13	4	5	1	2	2	1	7	1	1
TX	2002	0	3	3	4	3	2	5	4	2	4	1	0
TX	2003	2	3	4	4	8	8	7	5	12	6	4	1
TX	2004	0	5	4	5	8	2	6	5	2	9	1	3
TX	2005	1	0	5	3	4	4	2	1	16	4	1	0
TX	2006	0	1	0	2	7	3	4	2	1	2	0	0
TX	2007	1	3	3	0	5	2	1	2	2	3	1	1
TX	2008	0	1	1	7	3	1	3	1	2	1	0	0
TX	2009	1	1	3	4	4	6	3	2	4	2	0	2
TX	2010	0	0	7	5	3	6	4	0	2	2	1	3
TX	2011	2	1	2	0								
UN	2002									0			
UN	2005								0				
UN	2006								0				
UN	2007						0						
UT	1982	3	2	0	2	0	1	0	0	2	0	2	0
UT	1983	0	0	0	0	4	0	3	0	2	3	0	1
UT	1984	3	0	0	0	0	1	4	2	1	0	4	0
UT	1985	3	1	0	2	0	1	0	1	0	0	0	0
UT	1986	2		1	1	0	1	2	0	0	1	0	1
UT	1987	0	0	1	3	1	0	0	1	1	0	0	0
UT	1988	0	0	0	0	0	2	0	0	0	2	0	0
UT	1989	0	0	1	0	0	1	0	1	0	5	2	
UT	1990	0	0	0	1	1	0	0		1		0	3
UT	1991	1	1	0	0	0	4	1	0	0	2	0	
UT	1992	0	0		0	0	1	1	5	0	0	1	0
UT	1993	0	2	0		2	0	0	0	6	0	1	0
UT	1994	1	2	0	0	0	0	0	0	0	4		0
UT	1995	0	0	0	0	0	0	1	1	4	0	0	
UT	1996	0	2	0	1	0	4	2	0	0	0	0	
UT	1997		0	0	0	2	7	0	1	1	0	0	1
UT	1998	1	0	4	0	3	0	0	0	1	2		0
UT	1999	0	0	2	1	0	0	0	0	0	0	0	0
UT	2000	0	0	2	1	3	2	3	0	0	1	1	0
UT	2001	1	0	0	1	0	0	4	0	0	0	4	0
UT	2002	1	4	0	0	2	3	1	0	0	0	1	2
UT	2003	0	0	2	0	1	7	1	0	0	0		0
UT	2004	0	0	2	2	1	3	1	1	3	2	0	2
UT	2005	0	0			3	0	6	2	1	0	0	0
UT	2006	0		0	1	1	8	0	0	1	0	0	2
UT	2007	0	3	2	2	1	4	2	0	0	4	0	0
UT	2008	0	0	1	3	0	4	2	0	1	0	0	
UT	2009	1	1	0	0	0	0	0	1	6	0	1	0
UT	2010		0		1	0	1	1	1		0	0	0
UT	2011	0	0	0	2								
VA	1974								0				
VA	1982	0	0		0	2	3	0	2	0	0	0	0
VA	1983	5	5	4	1	0	4	2	1	1	2	1	1
VA	1984	1	1	0	0	2	1	0	0	1	0	1	0
VA	1985	0	2	1	2	2	2	0	2	4	0	0	
VA	1986	1	1	1	0	0	2	0	1	3	2	1	4
VA	1987	0	0	0	1	0	0	2	3	3	3	0	1
VA	1988	1	3	0	0	2	0	1	0	0	1	0	
VA	1989	0		0	0	3	0	0	0	1	2	2	0
VA	1990	0	1	0	1	1	0	0	1	6	0	3	1
VA	1991	0	1	2	0	2	0	4	1	0	2	0	0
VA	1992	0	1	0	0	0	1	0	0	0	0	1	0
VA	1993		0		3	3	1	1	1	1	0	0	0
VA	1994	0	0	0	0	2	0	4	4	0	0	0	
VA	1995			0	2	1	1	0	0	1	2	1	0
VA	1996	0	0	1	6	1	0		0		0	8	3
VA	1997	0		0	0	0	2	0	2	1	0		3
VA	1998		0	3	0	0	1	1	0		2	2	0
VA	1999	1	0	0	0	0	0	0	0	0	0	0	1
VA	2000		0	0	1	3	2	0	0	0	1	1	1
VA	2001	0	0	2	6	0	0	1	0	0	2	0	1
VA	2002	0	0	2	0	0	3	1	1	1	1	2	0
VA	2003	0		0	1	0	0	0	0	0	0	0	
VA	2004		0	0	0		0	1	0	0	0	0	0
VA	2005			0	3	0	0	0		0	2	0	
VA	2006	0	0		0	1	1	1	0	0	0	1	0
VA	2007	0	0	0	0	1	0	3	1	2	2	1	0
VA	2008	1	0	0	0	0	2	1	1	0	0	0	0
VA	2009			2	0	0	0	2	2	1	3	1	1
VA	2010			0	0	0	1	1	1	2		0	0
VA	2011			0	0								
VI	2003												0
VI	2004							0		0			
VI	2006				7			1					
VI	2007										0		
VI	2008						0						
VI	2009										0		
VI	2010	0											0
VI	2011	0											
VT	1982	0			0		0	0	0	0		0	
VT	1983						2	0	2	0	0	1	0
VT	1984			1		0	0		0			0	0
VT	1985			0	0	3	0	0	0	1	1		
VT	1986	0	2				1	4	2		0		1
VT	1987	0	0	0				0	0	2	0	0	0
VT	1988	1	0	1		0		1	0		1		
VT	1989		0			4		0	0	0	0		
VT	1990	0						1		0			
VT	1991	0				0		0		0	1		
VT	1992					4		1					
VT	1993	0	0				0	0	0	2		2	
VT	1994	0					0		1		2		
VT	1995		0	0		0	0	1	0	0	0	0	
VT	1996				0			0					
VT	1997						2			0	0		
VT	1998		0				1			0	2		0
VT	1999					0			0	0	0		
VT	2000	0	0				0		1		0		
VT	2001						0			0	0		
VT	2002	0		0			1	0					
VT	2003				1		0						
VT	2004		0			0	2						
VT	2005						0	0			0	0	
VT	2006							0	0	0			0
VT	2007						0	0	0			0	
VT	2008						1						
VT	2009						0			0	0		
VT	2010				0				2		0		
VT	2011		1										
WA	1982	2	0	2	1	1	4	7	2	4	0	2	0
WA	1983	3	3	1	2	3	2	6	2	7	0	0	0
WA	1984	0	0	0	2	0	1	3	3	0	0	1	5
WA	1985	0	1	0	0	1	0	0	4	0	3	1	0
WA	1986	3	1	5	2	4	1	5	12	4	0	3	0
WA	1987	2	0	0	4	3	3	3	4	2	1	2	0
WA	1988	0	1	3	27	4	14	1	1	2	4	0	0
WA	1989	1	0	0	0	2	2	2	1	5	0	2	0
WA	1990	0	0	1	1	1	2	9	4	0	1	4	1
WA	1991	0	0	2	3	2	4	6	1	3	5	9	2
WA	1992	1	2	3	1	2	3	2	1	5	0	1	0
WA	1993	0	0	1	4	4	2	2	2	1	1	2	0
WA	1994	2	1	2	2	1	4	5	1	4	0	0	0
WA	1995	2	0	1	5	6	2	1	5	4	0	1	0
WA	1996	1	1	3	0	1	6	2	2	0	0	0	0
WA	1997	3	1	0	5	3	0	4	2	21	0	1	1
WA	1998		0	2	1	2	0	2	2	0	0	3	1
WA	1999	1	1	1	1	1	5	3	3	1	5	2	1
WA	2000	1	1	2	6	1	2	0	0	4	2	0	1
WA	2001	0	2	2	4	0	3	0	3	2	0	0	
WA	2002	2	1	4	0	1	1	0	7	3	0	0	1
WA	2003	1	0	0	3	0	0	3	0	0	4	0	0
WA	2004	0	0	1	2	2	0	4	5	6	0	0	2
WA	2005	0	0	1	0	0	2	2	0	0	4	0	1
WA	2006	0	0	0	0	4	1	1	0	1	3	0	0
WA	2007	0	1	0	0	0	1	4	4	2	0	3	0
WA	2008	1	0	1	2	3	1	1	2	0	0	2	0
WA	2009		1	0	5	4	1	4	1	0	0	0	0
WA	2010	0	0	0	1	0	0	2	8	0	3	0	0
WA	2011	0	2	1	0								
WI	1982	0	1	1	0	1	3	3	2	0	0	3	0
WI	1983	2	0	0	2	0	0	0	3	0	5	0	0
WI	1984	0	0	2	5	5	4	0	8	1	0	3	2
WI	1985		0	0	2	1	1	4	0	0	2	0	0
WI	1986	0	0	0	1	0	1	3	3	0	0	0	4
WI	1987	1	0	0	0	2	4	0	0	0	2	0	1
WI	1988	1	0	0		2	1	3	5	2	0	0	0
WI	1989	0	0	0	0	3	0	7	3	0	1	0	1
WI	1990	0		0	3	0	2	1	1	3	2	0	0
WI	1991	0	2	0	1	2	0	2	4	1	0		0
WI	1992	0	0	0	4	0	1	3	3	2	3	0	2
WI	1993	3	0	1	2	1	1	3	1	0	1	1	0
WI	1994		2	0	1	6	2	3	3	3	0	3	
WI	1995	1	0	0	1	2	17	1	4	2	2	2	1
WI	1996	0		0	0	0	1	2	0	0	1		2
WI	1997		0	0	1	0		2	4		0	0	0
WI	1998	1		1	0	1	3	3	0	5	0	1	0
WI	1999	0	0	0	1	2	8	7	4	2	0		0
WI	2000	1	0	0		3	0	0	0	1	1	0	0
WI	2001	0	0		4	0	1	3	3	1	0	0	1
WI	2002	0	0	1	1	2	2	1	3	1	0	0	
WI	2003	3		0		1	1	0	2	0	0	2	0
WI	2004		3	0	0	0	0	2	2	0	0	0	0
WI	2005	1	1	0	0	2	0	4	1	1	0	1	1
WI	2006	0	2		0	1	2	0	3	0		0	0
WI	2007	2	0	1	5	0	2	1	0	0	0		0
WI	2008		0	0	1	2	2	7	4	1		0	0
WI	2009	0			0	1	3	2	1	0		0	
WI	2010	2	1	0	0	0	0	0	0	2		6	0
WI	2011		0	0									
WV	1982	0		1	1	0	0	0	0	0		0	0
WV	1983				0		2	1	2	0	0	0	
WV	1984	0	0	0		0	0	0	0	1	0	0	0
WV	1985	2		1	0	0	0	0	0	1	0	1	
WV	1986					0		0		0		0	
WV	1987		0	0		2	1	1	0	0			
WV	1988	1	2	0	8	1	2	0	1			0	2
WV	1989	3		0	0		0	1	3				0
WV	1990		0	0	0	1	2		2	0	0		0
WV	1991	3		0		0	2	1	0	0	0	0	0
WV	1992		0	0	0		1	2	1	0	0	0	
WV	1993		0	1		0			3	0		0	
WV	1994			0	0	2	0		0	1			1
WV	1995			0		0			1		0	0	
WV	1996	0		1	0	0	0	1	0	0		0	0
WV	1997	0		0		0	0		0	0	0	1	1
WV	1998		0		0	0		1		0	0		
WV	1999				2	0	0	0				3	
WV	2000			0				0	0				0
WV	2001	2		1	1		2		0		0		0
WV	2002		0			1		0	0		3		
WV	2003	0	1			2	4	0			0	2	
WV	2004		0				0	1	0	0		0	1
WV	2005		2	1				0	0	0	0		
WV	2006	0		0			0	1			0		0
WV	2007				0	0			1	1	0	0	
WV	2008			0		2							
WV	2009	0				2	0	0		2		0	
WV	2010	0			1	0	0			6	2		
WV	2011		0										
WY	1982	1	0	3	1	0	2	22	1	0	0	0	0
WY	1983	0	0	0	0	3	5	0	2	0	1	0	0
WY	1984	0	0	2	0	1	1	1	0	5	0		2
WY	1985	3	0	0	1		1	0	0	0		0	
WY	1986		1	1	0	0	3	0	1	0	0	0	0
WY	1987		0		1	0	0	0	0	0			0
WY	1988	0	0		0	0	0	3	2	0	0	0	0
WY	1989	0		0	0	0	0	1	1	0	0	1	
WY	1990			0			0	8	4	0	0	0	0
WY	1991	0				1	1	5	2	0	0		1
WY	1992		0		0		2	0		0	0	0	1
WY	1993	1		2	0	0	1	1	4	0	2	0	1
WY	1994		0	0	1	4	1	0	2	0	0	0	2
WY	1995	0		1	2	1	0	4	0	0	0		
WY	1996		0	0	1		0	0	0	1	0		0
WY	1997		0	0	0		0	0	0	0			0
WY	1998	0	0	0	1	0	0	2	0	0	2		
WY	1999		0	0		1	1	2	0			0	0
WY	2000	0		0	0	0		0	1	1	0		0
WY	2001		0	0	0			1	0	0	0	0	
WY	2002		0		0	0	1	0	0	0	0		
WY	2003	0			0	0	1	0	0	1	0	0	
WY	2004		1			0		1	4	0	0		
WY	2005	0	0	0			0	0	0	1	0	0	
WY	2006		0			0	2	0	0	0			0
WY	2007	0			0		1	0	0		2	0	
WY	2008	0	1		1		0	1	0	0	1	0	0
WY	2009			0	2			1					
WY	2010							0	0		0	0	0
WY	2011	0			0								
